2
100
100
26136
26138
26140
26142
26144
26146
26148
26150
26152
26154
26156
26158
26160
26162
26164
26166
26168
26170
26172
26174
26176
26178
26180
26182
26184
26186
26188
26190
26192
26194
26196
26198
26200
26202
26204
26206
26208
26210
26212
26214
26216
26218
26220
26222
26224
26226
26228
26230
26232
26234
26236
26238
26240
26242
26244
26246
26248
26250
26252
26254
26256
26258
26260
26262
26264
26266
26268
26270
26272
26274
26276
26278
26280
26282
26284
26286
26288
26290
26292
26294
26296
26298
26300
26302
26304
26306
26308
26310
26312
26314
26316
26318
26320
26322
26324
26326
26328
26330
26332
26334
26336
26338
26340
26342
26344
26346
26348
26350
26352
26354
26356
26358
26360
26362
26364
26366
26368
26370
26372
26374
26376
26378
26380
26382
26384
26386
26388
26390
26392
26394
26396
26398
26400
26402
26404
26406
26408
26410
26412
26414
26416
26418
26420
26422
26424
26426
26428
26430
26432
26434
26436
26438
26440
26442
26444
26446
26448
26450
26452
26454
26456
26458
26460
26462
26464
26466
26468
26470
26072
26074
26076
26078
26080
26082
26084
26086
26088
26090
26092
26094
26096
26098
26100
26102
26104
26106
26108
26110
26112
26114
26116
26118
26120
26122
26124
26126
26128
26130
26132
26134
100
100
25691
25693
25695
25697
25699
25701
25703
25705
25707
25709
25711
25713
25715
25717
25719
25721
25723
25725
25727
25729
25731
25733
25735
25737
25739
25741
25743
25745
25747
25749
25751
25753
25755
25757
25759
25761
25763
25765
25767
25769
25771
25773
25775
25777
25779
25781
25783
25785
25787
25789
25791
25793
25795
25797
25799
25801
25803
25805
25807
25809
25811
25813
25815
25817
25819
25821
25823
25825
25827
25829
25831
25833
25835
25837
25839
25841
25843
25845
25847
25849
25851
25853
25855
25857
25859
25861
25863
25865
25867
25869
25871
25873
25875
25877
25879
25881
25883
25885
25887
25889
25891
25893
25895
25897
25899
25901
25903
25905
25907
25909
25911
25913
25915
25917
25919
25921
25923
25925
25927
25929
25931
25933
25935
25937
25939
25941
25943
25945
25947
25949
25951
25953
25955
25957
25959
25961
25963
25965
25967
25969
25971
25973
25975
25977
25979
25981
25983
25985
25987
25989
25991
25993
25995
25997
25999
26001
26003
26005
26007
26009
26011
26013
26015
26017
26019
26021
26023
26025
26027
26029
26031
26033
26035
26037
26039
26041
26043
26045
26047
26049
26051
26053
26055
26057
26059
26061
26063
26065
26067
26069
26071
25673
25675
25677
25679
25681
25683
25685
25687
25689

